Exact eigenvalues:  
   -4.8683
   -1.6771
   -1.0406
    4.5189
    8.5220


n=5, m=2;


Iteration 50:
B =

    8.5220    0.0000
    0.0000   -4.1871

Iteration 51:
B =

    8.5220   -0.0000
   -0.0000   -4.2754

Iteration 52:
B =

    8.5220    0.0000
    0.0000   -4.3530

Iteration 53:
B =

    8.5220   -0.0000
   -0.0000   -4.4209

Iteration 54:
B =

    8.5220    0.0000
    0.0000   -4.4802

Iteration 55:
B =

    8.5220   -0.0000
   -0.0000   -4.5320

Iteration 56:
B =

    8.5220    0.0000
    0.0000   -4.5771

Iteration 57:
B =

    8.5220   -0.0000
   -0.0000   -4.6163

Iteration 58:
B =

    8.5220    0.0000
    0.0000   -4.6504

Iteration 59:
B =

    8.5220   -0.0000
   -0.0000   -4.6799

Iteration 60:
B =

    8.5220    0.0000
    0.0000   -4.7055


n=5, m=5;



Iteration 15:
B =

    8.5219   -0.0103    0.0040    0.0000   -0.0000
   -0.0103    3.9082    2.3152    0.0000   -0.0000
    0.0040    2.3152   -4.2575    0.0000    0.0000
    0.0000    0.0000    0.0000   -1.6771   -0.0006
   -0.0000   -0.0000    0.0000   -0.0006   -1.0406

Iteration 16:
B =

    8.5219   -0.0056   -0.0023   -0.0000    0.0000
   -0.0056    3.8174   -2.4684   -0.0000    0.0000
   -0.0023   -2.4684   -4.1668    0.0000    0.0000
   -0.0000   -0.0000    0.0000   -1.6771   -0.0004
    0.0000    0.0000    0.0000   -0.0004   -1.0406

Iteration 17:
B =

    8.5220   -0.0030    0.0013    0.0000   -0.0000
   -0.0030    3.7144    2.6277    0.0000   -0.0000
    0.0013    2.6277   -4.0638    0.0000    0.0000
    0.0000    0.0000    0.0000   -1.6771   -0.0002
   -0.0000   -0.0000    0.0000   -0.0002   -1.0406

Iteration 18:
B =

    8.5220   -0.0016   -0.0007   -0.0000    0.0000
   -0.0016    3.5978   -2.7924   -0.0000    0.0000
   -0.0007   -2.7924   -3.9472    0.0000    0.0000
   -0.0000   -0.0000    0.0000   -1.6771   -0.0002
    0.0000    0.0000    0.0000   -0.0002   -1.0406

Iteration 19:
B =

    8.5220   -0.0009    0.0004    0.0000   -0.0000
   -0.0009    3.4665    2.9617    0.0000   -0.0000
    0.0004    2.9617   -3.8159    0.0000    0.0000
    0.0000    0.0000    0.0000   -1.6771   -0.0001
   -0.0000   -0.0000    0.0000   -0.0001   -1.0406

Iteration 20:
B =

    8.5220   -0.0005   -0.0002   -0.0000    0.0000
   -0.0005    3.3191   -3.1342   -0.0000    0.0000
   -0.0002   -3.1342   -3.6685    0.0000    0.0000
   -0.0000   -0.0000    0.0000   -1.6771   -0.0001
    0.0000    0.0000    0.0000   -0.0001   -1.0406

Iteration 21:
B =

    8.5220   -0.0003    0.0001    0.0000    0.0000
   -0.0003    3.1544    3.3086    0.0000   -0.0000
    0.0001    3.3086   -3.5038    0.0000    0.0000
    0.0000    0.0000    0.0000   -1.6771   -0.0000
   -0.0000   -0.0000    0.0000   -0.0000   -1.0406

Iteration 22:
B =

    8.5220   -0.0001   -0.0001   -0.0000         0
   -0.0001    2.9713   -3.4831   -0.0000    0.0000
   -0.0001   -3.4831   -3.3207    0.0000    0.0000
   -0.0000   -0.0000    0.0000   -1.6771   -0.0000
    0.0000    0.0000    0.0000   -0.0000   -1.0406

Iteration 23:
B =

    8.5220   -0.0001    0.0000    0.0000    0.0000
   -0.0001    2.7691    3.6556    0.0000   -0.0000
    0.0000    3.6556   -3.1185    0.0000   -0.0000
    0.0000    0.0000    0.0000   -1.6771   -0.0000
    0.0000   -0.0000   -0.0000   -0.0000   -1.0406

Iteration 24:
B =

    8.5220   -0.0000   -0.0000   -0.0000    0.0000
   -0.0000    2.5471   -3.8238   -0.0000    0.0000
   -0.0000   -3.8238   -2.8965    0.0000   -0.0000
   -0.0000   -0.0000    0.0000   -1.6771   -0.0000
         0    0.0000   -0.0000   -0.0000   -1.0406

Iteration 25:
B =

    8.5220   -0.0000    0.0000    0.0000         0
   -0.0000    2.3051    3.9850    0.0000   -0.0000
    0.0000    3.9850   -2.6545    0.0000   -0.0000
    0.0000    0.0000    0.0000   -1.6771   -0.0000
   -0.0000   -0.0000   -0.0000   -0.0000   -1.0406

